1.6489434231659017
[-18.831336289275992, 0.9544032926870842, 0.003908691936415369, 0.31458201249078555, 0.6220723404123177, 0.012779790450239501, 0.06384974538333058, 0.001784124116152771]
1.6568065281817954
[12.578913782828813, 0.9596520907612487, 7.759367251082981, 0.6026183992859067, 0.6942885680036489, 0.7643972671216733, 0.08966744736328462, 0.0011283791670955124]
1.6663358339152345
[-4.663430409186526, -0.4935226022398509, 44.114975131771814, 0.15273508175574468, 0.4706815479823063, 2.0299771350816305, 0.09374690765067623, 0.005641895835477563]
1.6715700627159629
[-4.791570995119386, 0.3478848628357365, 0.13199093644904644, 0.14327610496351784, 0.26002642797940967, 0.002637920141751309, 0.08516947397446845, 0.002256758334191025]
1.7226478114566606
[-13.82161538295894, -0.9782530425477287, 0.10142137514396628, 0.04632071465036336, 0.8497800321937522, 0.8819832779911537, 0.02405765043138226, 0.005641895835477563]
1.728872066475989
[-19.816460900447392, -0.275839654189727, 1.9584735866537608, 0.12191349589141254, 0.361306369565471, 8.295237899234587, 0.048061466571141735, 0.001381976597885342]
1.7358759752749549
[-15.27831831892017, -0.27264306445186737, 0.29572080415892393, 0.17808222234915982, 0.39015258148628085, 1.0116558435296192, 0.033308817619588635, 0.001784124116152771]
1.7791774335451607
[-11.11373074360429, -0.04133940718899676, 0.5054749115026335, 0.06457077452695936, 0.569168751799081, 1.02627153410367, 0.07317923106339982, 0.0009772050238058398]
1.798926621790531
[-10.596737309907311, -0.6997752233140317, 0.5409963290911397, 0.2533258748310726, 0.6846438774104465, 0.35155323660706145, 0.027668387576979373, 0.003568248232305542]
1.8674415777819557
[11.528272388629738, 0.7237440101202535, 2.1635544972081817, 0.37402277603578304, 0.9281853723907623, 1.5638723680124285, 0.04966120836871856, 0.0015957691216057306]
1.8787432608739099
[16.847200672852253, 0.27897986022601273, 0.7480890307587407, 0.0662737591066408, 0.4550312447248902, 2.8746590248017587, 0.07397121870851996, 0.0011283791670955124]
1.9767918247441594
[6.43889799108679, -0.9261562693309227, 0.18452507392638315, 0.21421616929646026, 0.7862532608188195, 0.36245894628093606, 0.08834613203472294, 0.0007978845608028653]
2.2698309368472396
[14.23944529100985, 0.7545638539971409, 40.1305569137991, 0.2569900805335896, 0.9388675492254427, 0.5329818111377103, 0.08909261927756365, 0.001784124116152771]
2.3894960900085462
[19.411054900790198, 0.8175273181099494, 3.3564073294041803, 0.01598095939615285, 0.9872297760266983, 0.21458794926248156, 0.0639240430786392, 0.00451351666838205]
2.5137059501197765
[-12.149634951815308, 0.07508937187001652, 8.78641222225192, 0.20930459171223736, 0.6706180604617894, 0.09529934872745766, 0.015348339391929507, 0.005641895835477563]
